[[0.35219587 0.80071201 1.1106829 ]
 [0.00154606 0.1701609  0.29430253]
 [0.0755614  0.01393077 0.69621834]
 [0.01218042 0.01702702 0.6563855 ]]
[[0.5587975  0.55310164 1.3891031 ]
 [0.00741878 0.26856372 0.24417545]
 [0.07526596 0.10675611 0.51161572]
 [0.01560129 0.00317935 0.68019046]]
[[0.13147203 1.61971792 0.42528917]
 [0.25533894 0.35331578 0.5266952 ]
 [0.056053   0.0856323  0.69423396]
 [0.02598    0.03941215 0.62695991]]
[[0.06483761 0.55961301 0.44224749]
 [0.44887026 0.05751674 0.14873181]
 [0.11283382 0.16428447 0.64093285]
 [0.00585509 0.01425907 0.6600377 ]]
[[0.046067   1.35977207 1.12305787]
 [0.01044953 0.00483286 0.68308703]
 [0.02537345 0.15384835 0.57360693]
 [0.03127256 0.0371979  0.66518808]]
[[0.31388906 0.86167192 0.69022765]
 [0.57287199 0.17325384 0.76734053]
 [0.03137605 0.10418081 0.64919926]
 [0.01864114 0.02097495 0.68422872]]
[[0.03594365 0.05952088 1.61000672]
 [0.09214365 0.10157227 0.28241261]
 [0.03511698 0.07054133 0.71306104]
 [0.0082563  0.05137403 0.64393043]]
[[1.21518857 0.76408352 0.29747141]
 [0.05372278 0.25698547 0.26620343]
 [0.0138963  0.03360485 0.55072859]
 [0.0347514  0.0281551  0.66634656]]
[[0.50644145 0.10736547 0.51874094]
 [0.15459856 0.04014977 0.95264485]
 [0.10163564 0.08248158 0.81292163]
 [0.01944308 0.01143803 0.66480329]]
[[0.36343693 0.16586701 0.7356463 ]
 [0.01004385 0.02211248 0.00362757]
 [0.06084973 0.01221351 0.7509137 ]
 [0.01480866 0.04818175 0.65933175]]
[[1.63811544 1.17188262 0.10407736]
 [0.26301908 0.43735993 0.56411698]
 [0.07552871 0.02343061 0.63718096]
 [0.03317873 0.06118172 0.68668261]]
[[0.08639701 0.21400154 1.3118797 ]
 [0.37145879 0.00777325 0.73674573]
 [0.10213978 0.00921705 0.59849651]
 [0.0456007  0.00994757 0.6743911 ]]
[[9.82048667e-01 4.58663883e-01 3.04836393e-01]
 [1.54691049e-01 4.97597979e-02 6.41618633e-01]
 [3.92775924e-02 5.60372155e-04 6.76678760e-01]
 [3.36705760e-02 3.06930214e-03 6.47747044e-01]]
[[0.14274329 1.31954272 0.65540644]
 [0.05236429 0.04280494 0.75454548]
 [0.15553669 0.04191284 0.76854191]
 [0.02328269 0.01458941 0.65759931]]
[[0.8283369  1.0194843  0.74439428]
 [0.42703597 0.74850389 0.96419965]
 [0.06089931 0.04856191 0.70296888]
 [0.0290064  0.02319446 0.71057385]]
[[0.53589667 0.06946718 1.14703989]
 [0.18497574 0.28604774 0.92632212]
 [0.06404488 0.11665233 0.70445587]
 [0.01356168 0.02571799 0.65032543]]
[[0.63081991 0.36099623 1.21417167]
 [0.15499153 0.09307613 0.35926749]
 [0.14641617 0.0151629  0.65795224]
 [0.00409274 0.06316449 0.72104578]]
[[0.12959181 0.41432605 1.08175044]
 [0.01548814 0.17866414 0.78168975]
 [0.01715399 0.01142856 0.76297687]
 [0.04215426 0.02074069 0.69071595]]
[[0.71110586 0.1330927  0.25935926]
 [0.15513831 0.09832564 0.75452081]
 [0.01441476 0.06080895 0.79569724]
 [0.0009495  0.00696835 0.63989526]]
[[0.12900983 0.98760393 2.2752819 ]
 [0.21312291 0.16524688 0.6031098 ]
 [0.01821678 0.10786588 0.66320244]
 [0.01066997 0.06736134 0.68159514]]
[[0.35565003 0.99924755 0.68102467]
 [0.27239749 0.53185011 0.4895906 ]
 [0.03873745 0.02827822 0.65811061]
 [0.04627049 0.0364001  0.67354236]]
[[0.3311756  0.37601682 1.4750904 ]
 [0.16500577 0.24235842 0.92997364]
 [0.03498458 0.00867026 0.6369152 ]
 [0.01715013 0.00768703 0.65078864]]
[[1.36103597 0.29382666 0.24873252]
 [0.34273436 0.08024114 0.71377137]
 [0.01048112 0.03294371 0.55282273]
 [0.04546819 0.02595816 0.65670104]]
[[0.22182663 0.13116375 0.21068158]
 [0.04286215 0.77890142 0.52160777]
 [0.09250198 0.08550865 0.6921982 ]
 [0.00533006 0.00466325 0.64963483]]
[[0.45738763 0.50560241 0.48541424]
 [0.48781788 0.08543994 1.04610013]
 [0.19732869 0.1180595  0.77284533]
 [0.01513075 0.01598719 0.70637523]]
[[0.09933512 0.15755117 0.87048506]
 [0.32557011 0.06299643 0.55360991]
 [0.18428806 0.15087476 0.67236303]
 [0.02484563 0.04541634 0.68676134]]
[[0.11944027 1.19357056 0.97397002]
 [0.07836611 0.70135978 0.32515772]
 [0.05993018 0.12960497 0.62262699]
 [0.04055789 0.0439374  0.70036626]]
[[0.71179565 1.2205035  0.84819575]
 [0.38078442 0.19105719 0.46447811]
 [0.02783663 0.03777444 0.61385669]
 [0.03152873 0.00214063 0.66003082]]
[[0.02888939 1.29231839 2.36287291]
 [0.13864859 0.26957855 0.84056582]
 [0.01069754 0.02710124 0.5297838 ]
 [0.0255917  0.0360249  0.67612388]]
[[0.10835515 0.51507155 1.41978166]
 [0.032362   0.09800186 1.07350861]
 [0.03745434 0.06519792 0.67403307]
 [0.02821445 0.01117279 0.6281383 ]]
[[7.24751946e-02 1.16469618e+00 1.03868375e+00]
 [3.63691304e-02 5.04733723e-01 7.23382560e-01]
 [2.51500422e-01 6.48086744e-02 6.32213675e-01]
 [1.64309948e-04 1.64087146e-02 6.73175714e-01]]
[[0.13544115 0.93195582 0.04122605]
 [0.40276392 0.0372892  0.42140821]
 [0.15118994 0.09367308 0.72323652]
 [0.01920001 0.01215365 0.65047938]]
[[0.87691369 0.76366983 0.56694317]
 [0.28233235 0.24273678 0.57999189]
 [0.04213246 0.06999243 0.66301616]
 [0.00874379 0.04494197 0.71253841]]
[[0.47971068 0.12030304 0.61679457]
 [0.07731591 0.55558741 1.06589571]
 [0.05768251 0.26577909 0.50730578]
 [0.01610083 0.02424562 0.64820445]]
[[0.2582525  0.11349725 2.3419382 ]
 [0.28279968 0.4971995  0.78402562]
 [0.06827523 0.16112727 0.59429041]
 [0.02523206 0.02023048 0.65918506]]
[[1.91300607 1.09606335 0.26798196]
 [0.1387774  0.21915846 0.6473165 ]
 [0.14291234 0.0199762  0.56362997]
 [0.00303031 0.05340995 0.65246583]]
[[3.96638051e-01 2.21170889e+00 3.52967684e-01]
 [1.86739592e-01 3.60709710e-02 5.13627203e-01]
 [1.09304913e-01 1.04673934e-03 6.04223732e-01]
 [1.06710455e-02 8.28779668e-03 6.61861202e-01]]
[[0.99643954 1.04127891 0.57487181]
 [0.15516397 0.15421981 0.68984536]
 [0.06517407 0.12279507 0.69313611]
 [0.00939178 0.00220968 0.63553501]]
[[1.79147752 0.2729614  0.66159219]
 [0.01905885 0.02354018 0.45963248]
 [0.00283716 0.1168372  0.76224381]
 [0.00708817 0.02250223 0.67820746]]
[[0.28590884 0.18777504 1.06200054]
 [0.322992   0.42302021 0.4975829 ]
 [0.07559975 0.06166823 0.57863344]
 [0.00255858 0.04203079 0.67439598]]
[[0.64200688 0.12763299 1.59018662]
 [0.41372553 0.1559756  0.47841848]
 [0.06705155 0.05777626 0.47700129]
 [0.0112569  0.06719118 0.656406  ]]
[[2.41247498 0.31692735 0.25826414]
 [0.42945482 0.08300535 0.46039109]
 [0.00663329 0.19007343 0.66620469]
 [0.0219172  0.03184144 0.65616444]]
[[1.25683369 0.08029071 0.87296841]
 [0.08285035 0.2914325  0.36431498]
 [0.07207049 0.04137078 0.85934971]
 [0.01798351 0.03539323 0.69073898]]
[[0.85424932 2.14773039 0.212779  ]
 [0.2145157  0.1156522  0.433074  ]
 [0.00305873 0.01403312 0.59922194]
 [0.00980333 0.04253053 0.70530083]]
[[1.67183951 0.1646743  0.1584394 ]
 [0.82201091 0.20877352 0.7694582 ]
 [0.14554936 0.11112187 0.5977086 ]
 [0.02025644 0.0120339  0.64753898]]
[[0.36727894 0.21234471 0.23477651]
 [0.12001819 0.2190183  0.56022902]
 [0.06648651 0.05775008 0.67668313]
 [0.05221995 0.01382723 0.6594074 ]]
[[0.23828161 0.89638439 0.7378097 ]
 [0.27568703 0.38417515 0.8857611 ]
 [0.02267178 0.11865062 0.72440428]
 [0.04445133 0.01136551 0.70279625]]
[[0.79625603 0.17473931 0.97058277]
 [0.14120645 0.08421777 0.87641123]
 [0.04980349 0.08926268 0.63817477]
 [0.06749145 0.07426723 0.66061881]]
[[0.52052466 2.30861223 0.21531953]
 [0.37172726 0.2184467  0.22088938]
 [0.14000582 0.0843271  0.72101992]
 [0.01180715 0.01015198 0.6728453 ]]
[[1.24435895 0.80575651 0.35580445]
 [0.15031614 0.61644297 0.27771664]
 [0.10103346 0.0424877  0.74042374]
 [0.0087042  0.06663559 0.65169621]]
